0.000925359
0.000788105
0.000728333
0.000740508
0.00077925
0.00072944
0.000759326
0.000707302
0.000711729
0.000720584
0.000733867
0.000749364
0.00068295
0.000710622
0.000624285
0.000680736
0.000717264
0.000710622
0.000710622
0.000680736
0.000663026
0.000708409
0.000690698
0.000644209
0.000723905
0.00072944
0.000977383
0.00120097
0.00174224
0.00228905
0.00315242
0.00370918
0.0042106
0.00455595
0.00491016
0.00495554
0.00486145
0.00493451
0.00485149
0.00451057
0.004339
0.00405453
0.00383648
0.00376121
0.00335498
0.00329521
0.00305612
0.00276611
0.00264768
0.002506
0.00238645
0.00213851
0.00205771
0.00197248
0.00183301
0.00170682
0.00158949
0.00147659
0.00135705
0.00133712
0.00127846
0.00117441
0.00114895
0.00115006
0.00102941
0.000966314
0.000969634
0.000870014
0.000784784
0.000822418
0.000740508
0.000719478
0.000688485
0.000701767
0.000623178
0.000557872
0.000627606
0.000536841
0.000514703
0.000532413
0.000468214
0.000473748
0.000446076
0.000457145
0.000391839
0.000376342
0.000369701
0.000350884
0.00038077
0.000357525
0.000329853
0.000285577
0.000314356
0.000283363
0.000261226
0.000268974
0.000261226
0.000265653
0.000247943
0.00023466
0.000228019
0.000221378
0.000206988
0.000173782
0.000194812
0.000172675
0.000187064
0.000180423
0.000161606
0.000162713
0.000150537
0.00016382
0.000166033
0.000136147
0.000125078
0.000129506
0.000127292
0.000142789
0.00011401
0.000126185
0.000112903
0.000112903
0.000130613
0.000123972
0.000115116
0.000107368
0.000102941
9.07649e-05
9.07649e-05
9.07649e-05
9.07649e-05
7.30546e-05
7.08409e-05
7.63753e-05
7.9696e-05
7.52684e-05
7.41615e-05
6.64133e-05
6.86271e-05
7.19478e-05
7.74822e-05
6.19858e-05
6.08789e-05
4.20618e-05
5.86651e-05
4.64893e-05
5.75582e-05
4.981e-05
5.31306e-05
4.87031e-05
