0.000927649
0.000818051
0.00078172
0.000747811
0.00075205
0.000732068
0.000776876
0.000784747
0.000722379
0.000713902
0.00072359
0.000695737
0.00069937
0.000742361
0.0006697
0.000669094
0.000701792
0.000684232
0.000679993
0.000678177
0.000714508
0.000677571
0.000636396
0.000660617
0.000744178
0.000753866
0.000890107
0.00127158
0.0017342
0.00233184
0.00314444
0.00380082
0.00441965
0.00477933
0.00504515
0.00514385
0.00517473
0.00514264
0.00495009
0.00471272
0.00447173
0.00427312
0.00397278
0.00379416
0.00354832
0.00328855
0.0031287
0.00285319
0.00270726
0.00253953
0.00234455
0.00227008
0.002086
0.00199154
0.00185711
0.00173601
0.00160825
0.001515
0.00147443
0.00135878
0.00128672
0.00118136
0.00114745
0.00104936
0.000982145
0.000953081
0.000854382
0.000824106
0.000844088
0.000761738
0.000784142
0.000642451
0.000672727
0.00059946
0.000577056
0.000550413
0.000528615
0.000491678
0.000460797
0.000457769
0.000423861
0.00040509
0.000409934
0.000369364
0.000348171
0.000332428
0.000350593
0.000337877
0.00031184
0.000267638
0.000271271
0.000242812
0.000257949
0.000256133
0.000239784
0.000244628
0.000213747
0.000216774
0.000190737
0.000174388
0.00017015
0.000181655
0.000173783
0.000168939
0.00014714
0.000139268
0.000155617
0.000140479
0.000138663
0.00013503
0.000128369
0.000128369
9.74879e-05
0.000112626
8.84052e-05
0.000103543
0.000103543
0.000108993
9.26438e-05
9.14328e-05
9.26438e-05
7.44783e-05
7.69004e-05
7.81114e-05
7.26618e-05
7.75059e-05
7.81114e-05
6.84232e-05
6.53956e-05
6.90287e-05
6.84232e-05
5.38908e-05
5.93405e-05
6.17625e-05
5.38908e-05
4.66247e-05
4.84412e-05
3.81474e-05
4.90467e-05
4.54136e-05
4.1175e-05
3.45144e-05
4.23861e-05
4.1175e-05
3.81474e-05
2.36151e-05
3.63309e-05
3.39088e-05
3.08813e-05
3.02758e-05
